======================================================================================
  N (points)        Threads     Sequential (ms)       Parallel (ms)        Speedup
======================================================================================
        1000              2                0.06                0.09           0.62
        1000              3                0.06                0.06           0.97
        1000              4                0.06                0.06           1.00
--------------------------------------------------------------------------------------
       10000              2                0.51                0.31           1.64
       10000              3                0.51                0.24           2.10
       10000              4                0.51                0.21           2.44
--------------------------------------------------------------------------------------
      100000              2                5.35                2.98           1.80
      100000              3                5.35                3.29           1.63
      100000              4                5.35                1.62           3.29
--------------------------------------------------------------------------------------
     1000000              2               25.30                8.97           2.82
     1000000              3               25.30               11.05           2.29
     1000000              4               25.30               15.54           1.63
--------------------------------------------------------------------------------------
    10000000              2              158.39               82.47           1.92
    10000000              3              158.39               80.99           1.96
    10000000              4              158.39               58.67           2.70
--------------------------------------------------------------------------------------